0 529 1088 8 
1 623 1088 12 
2 623 1088 12 
3 630 1088 14 
4 878 1088 12 
5 878 1088 12 
6 878 1088 12 
7 878 1088 12 
8 878 1088 12 
9 878 1088 12 
10 887 1088 13 
11 917 1088 13 
12 917 1088 13 
13 917 1088 13 
14 917 1088 13 
15 925 1088 15 
16 920 1088 13 
17 933 1088 15 
18 933 1088 15 
19 933 1088 15 
20 933 1088 15 
21 962 1088 14 
22 989 1088 17 
23 989 1088 17 
24 989 1088 17 
25 1020 1088 17 
26 1020 1088 17 
27 1020 1088 17 
28 1020 1088 17 
29 1020 1088 17 
30 1020 1088 17 
31 1020 1088 17 
32 1020 1088 17 
33 1028 1088 17 
34 1050 1088 17 
35 1050 1088 17 
36 1050 1088 17 
37 1050 1088 17 
38 1050 1088 17 
39 1050 1088 17 
40 1050 1088 17 
41 1050 1088 17 
42 1050 1088 17 
43 1050 1088 17 
44 1050 1088 17 
45 1050 1088 17 
46 1058 1088 18 
47 1058 1088 18 
48 1058 1088 18 
49 1058 1088 18 
50 1058 1088 18 
51 1058 1088 18 
52 1058 1088 18 
53 1058 1088 18 
54 1058 1088 18 
55 1058 1088 18 
56 1058 1088 18 
57 1058 1088 18 
58 1058 1088 18 
59 1058 1088 18 
60 1058 1088 18 
61 1058 1088 19 
62 1058 1088 19 
0 718 1088 11 
1 727 1088 10 
2 731 1088 9 
3 865 1088 12 
4 870 1088 11 
5 885 1088 10 
6 940 1088 15 
7 954 1088 16 
8 979 1088 13 
9 982 1088 18 
0 778 1088 16 
1 778 1088 16 
2 797 1088 13 
3 797 1088 13 
4 797 1088 13 
5 812 1088 14 
6 812 1088 14 
7 843 1088 14 
8 848 1088 18 
9 862 1088 12 
10 862 1088 12 
11 862 1088 12 
12 862 1088 12 
13 862 1088 12 
14 862 1088 12 
15 862 1088 12 
16 898 1088 11 
17 898 1088 11 
18 898 1088 11 
19 898 1088 11 
20 898 1088 11 
21 898 1088 11 
22 898 1088 11 
23 898 1088 11 
24 925 1088 13 
25 960 1088 16 
26 989 1088 20 
27 989 1088 20 
28 989 1088 20 
29 989 1088 20 
30 989 1088 20 
31 989 1088 20 
32 1008 1088 16 
33 1008 1088 16 
34 1008 1088 16 
35 1016 1088 19 
36 1016 1088 19 
37 1016 1088 19 
38 1016 1088 19 
39 1016 1088 19 
40 1016 1088 19 
41 1016 1088 19 
42 1020 1088 17 
43 1020 1088 17 
44 1020 1088 17 
45 1042 1088 17 
46 1042 1088 17 
47 1042 1088 17 
48 1042 1088 17 
49 1042 1088 17 
50 1042 1088 17 
51 1042 1088 17 
52 1042 1088 17 
0 757 1088 16 
1 765 1088 14 
2 765 1088 13 
3 774 1088 15 
4 775 1088 12 
5 780 1088 13 
6 780 1088 13 
7 784 1088 13 
8 784 1088 13 
9 784 1088 13 
10 784 1088 13 
11 784 1088 13 
12 784 1088 13 
13 835 1088 14 
14 835 1088 14 
15 840 1088 16 
0 723 1088 9 
1 737 1088 11 
2 737 1088 11 
3 785 1088 9 
4 788 1088 10 
5 788 1088 10 
6 788 1088 9 
7 826 1088 10 
8 870 1088 12 
9 891 1088 12 
10 891 1088 12 
11 898 1088 14 
12 956 1088 17 
13 956 1088 17 
0 746 1088 13 
1 752 1088 10 
2 764 1088 13 
3 767 1088 13 
4 801 1088 9 
5 801 1088 9 
6 803 1088 9 
7 803 1088 9 
8 803 1088 9 
9 813 1088 12 
10 815 1088 12 
11 815 1088 12 
12 815 1088 12 
13 815 1088 12 
14 815 1088 12 
15 820 1088 11 
16 820 1088 11 
17 820 1088 11 
18 820 1088 11 
19 825 1088 14 
20 825 1088 14 
21 825 1088 14 
22 825 1088 14 
23 825 1088 14 
24 825 1088 14 
25 830 1088 14 
26 830 1088 14 
27 830 1088 14 
28 830 1088 14 
29 841 1088 14 
30 985 1088 15 
31 985 1088 15 
32 985 1088 15 
33 1002 1088 18 
34 1002 1088 18 
35 1002 1088 18 
0 742 1088 13 
1 752 1088 9 
2 752 1088 9 
3 757 1088 15 
4 873 1088 13 
5 873 1088 13 
6 873 1088 13 
7 877 1088 14 
8 878 1088 15 
9 878 1088 16 
10 878 1088 17 
0 933 1578 10 
1 933 1578 10 
2 955 1578 12 
3 956 1578 8 
4 955 1578 12 
5 955 1578 12 
6 968 1578 9 
7 968 1578 9 
8 968 1578 9 
9 968 1578 9 
10 968 1578 9 
11 968 1578 9 
12 974 1578 13 
13 979 1578 12 
14 979 1578 12 
15 979 1578 12 
16 1035 1578 12 
17 1056 1578 12 
18 1062 1578 9 
19 1062 1578 9 
20 1062 1578 9 
21 1062 1578 9 
22 1064 1578 10 
23 1092 1578 14 
24 1092 1578 14 
25 1098 1578 13 
26 1174 1578 12 
27 1199 1578 13 
28 1244 1578 15 
29 1244 1578 15 
30 1244 1578 15 
31 1244 1578 15 
32 1293 1578 17 
33 1320 1578 15 
34 1361 1578 14 
35 1411 1578 15 
36 1411 1578 15 
37 1411 1578 15 
38 1430 1578 18 
39 1548 1578 21 
40 1548 1578 21 
41 1548 1578 21 
42 1548 1578 21 
43 1548 1578 21 
44 1548 1578 21 
45 1574 1578 22 
46 1574 1578 22 
47 1578 1578 24 
48 1578 1578 24 
49 1578 1578 24 
50 1578 1578 24 
51 1578 1578 24 
52 1578 1578 24 
53 1578 1578 24 
54 1574 1578 22 
55 1574 1578 22 
56 1574 1578 22 
57 1574 1578 22 
58 1578 1578 25 
59 1578 1578 25 
60 1578 1578 25 
61 1578 1578 25 
62 1578 1578 25 
63 1578 1578 25 
64 1578 1578 25 
65 1578 1578 25 
66 1578 1578 25 
67 1578 1578 24 
68 1578 1578 24 
69 1578 1578 24 
70 1578 1578 24 
71 1578 1578 24 
72 1578 1578 24 
73 1578 1578 24 
74 1578 1578 24 
75 1578 1578 24 
76 1578 1578 24 
77 1578 1578 24 
78 1578 1578 24 
79 1578 1578 22 
80 1578 1578 22 
81 1578 1578 22 
82 1578 1578 22 
83 1578 1578 22 
84 1578 1578 22 
85 1578 1578 22 
86 1578 1578 22 
87 1578 1578 22 
88 1578 1578 22 
89 1578 1578 22 
90 1578 1578 22 
91 1578 1578 22 
92 1578 1578 22 
93 1578 1578 22 
94 1578 1578 22 
95 1578 1578 22 
96 1578 1578 22 
97 1578 1578 22 
98 1578 1578 22 
99 1578 1578 22 
100 1578 1578 22 
101 1578 1578 27 
102 1578 1578 27 
103 1578 1578 22 
104 1578 1578 22 
105 1578 1578 22 
106 1578 1578 22 
107 1578 1578 22 
108 1578 1578 22 
109 1578 1578 22 
110 1578 1578 22 
111 1578 1578 22 
112 1578 1578 22 
113 1578 1578 25 
114 1578 1578 25 
115 1578 1578 25 
116 1578 1578 25 
117 1578 1578 25 
118 1578 1578 25 
119 1578 1578 25 
120 1578 1578 25 
121 1578 1578 25 
122 1578 1578 25 
123 1578 1578 25 
124 1578 1578 25 
125 1578 1578 25 
126 1578 1578 25 
127 1578 1578 25 
128 1578 1578 25 
129 1578 1578 25 
130 1578 1578 22 
131 1578 1578 22 
132 1578 1578 22 
133 1578 1578 22 
134 1578 1578 22 
135 1578 1578 22 
136 1578 1578 25 
137 1578 1578 25 
138 1578 1578 25 
139 1578 1578 25 
140 1578 1578 25 
141 1578 1578 25 
142 1578 1578 25 
143 1578 1578 25 
144 1578 1578 25 
145 1578 1578 25 
146 1578 1578 25 
147 1578 1578 25 
148 1578 1578 25 
149 1578 1578 25 
150 1578 1578 25 
151 1578 1578 25 
152 1578 1578 25 
153 1578 1578 25 
154 1578 1578 25 
155 1578 1578 25 
156 1578 1578 25 
157 1578 1578 25 
158 1578 1578 25 
159 1578 1578 25 
160 1578 1578 25 
161 1578 1578 25 
162 1578 1578 22 
163 1578 1578 22 
164 1578 1578 22 
165 1578 1578 22 
166 1578 1578 22 
167 1578 1578 22 
168 1578 1578 22 
169 1578 1578 22 
170 1578 1578 22 
171 1578 1578 22 
172 1578 1578 27 
173 1578 1578 27 
174 1578 1578 27 
175 1578 1578 27 
176 1578 1578 27 
177 1578 1578 27 
178 1578 1578 27 
179 1578 1578 27 
180 1578 1578 27 
181 1578 1578 27 
182 1578 1578 27 
183 1578 1578 27 
184 1578 1578 27 
185 1578 1578 25 
186 1578 1578 25 
187 1578 1578 25 
188 1578 1578 25 
189 1578 1578 25 
190 1578 1578 25 
191 1578 1578 25 
192 1578 1578 25 
193 1578 1578 25 
194 1578 1578 25 
195 1578 1578 25 
196 1578 1578 25 
197 1578 1578 25 
198 1578 1578 25 
199 1578 1578 25 
0 1090 1578 12 
1 1096 1578 11 
2 1096 1578 11 
3 1133 1578 14 
4 1133 1578 14 
5 1133 1578 14 
6 1133 1578 14 
7 1136 1578 12 
8 1136 1578 12 
9 1199 1578 13 
10 1199 1578 13 
11 1242 1578 13 
12 1242 1578 13 
13 1242 1578 13 
14 1261 1578 13 
15 1270 1578 12 
16 1270 1578 12 
17 1270 1578 12 
18 1270 1578 12 
19 1270 1578 12 
20 1270 1578 12 
21 1320 1578 14 
22 1320 1578 14 
23 1320 1578 14 
24 1320 1578 14 
25 1329 1578 14 
26 1329 1578 14 
27 1329 1578 14 
28 1367 1578 15 
29 1389 1578 16 
30 1389 1578 16 
31 1389 1578 16 
32 1389 1578 16 
33 1389 1578 16 
34 1389 1578 16 
35 1414 1578 18 
36 1414 1578 18 
37 1414 1578 18 
38 1414 1578 18 
39 1414 1578 18 
40 1414 1578 18 
41 1414 1578 18 
42 1414 1578 18 
43 1414 1578 18 
44 1414 1578 18 
45 1414 1578 18 
46 1414 1578 18 
47 1414 1578 18 
48 1414 1578 18 
49 1414 1578 18 
50 1414 1578 18 
51 1414 1578 18 
52 1414 1578 18 
53 1414 1578 18 
54 1414 1578 18 
55 1421 1578 19 
56 1421 1578 19 
57 1421 1578 19 
58 1512 1578 21 
59 1512 1578 21 
60 1512 1578 21 
61 1512 1578 21 
62 1512 1578 21 
63 1512 1578 21 
64 1512 1578 21 
65 1512 1578 21 
66 1512 1578 21 
67 1512 1578 21 
68 1512 1578 21 
69 1514 1578 19 
70 1514 1578 19 
71 1514 1578 19 
72 1514 1578 19 
73 1514 1578 19 
74 1514 1578 19 
75 1514 1578 19 
76 1515 1578 18 
77 1515 1578 18 
78 1515 1578 18 
79 1534 1578 21 
80 1534 1578 21 
81 1534 1578 21 
82 1534 1578 21 
83 1537 1578 21 
84 1548 1578 22 
85 1548 1578 22 
86 1548 1578 22 
87 1548 1578 22 
88 1548 1578 22 
89 1548 1578 22 
90 1548 1578 22 
0 920 1578 5 
1 920 1578 5 
2 968 1578 9 
3 976 1578 8 
4 997 1578 7 
5 1096 1578 8 
6 1096 1578 8 
7 1096 1578 8 
8 1115 1578 11 
9 1145 1578 7 
10 1151 1578 8 
11 1251 1578 9 
12 1269 1578 13 
13 1269 1578 13 
14 1279 1578 8 
15 1279 1578 8 
16 1279 1578 8 
17 1281 1578 11 
18 1298 1578 10 
19 1313 1578 12 
20 1313 1578 12 
21 1313 1578 12 
22 1313 1578 12 
23 1313 1578 12 
24 1325 1578 13 
25 1335 1578 13 
26 1335 1578 14 
27 1335 1578 14 
28 1335 1578 14 
29 1335 1578 14 
30 1335 1578 14 
31 1335 1578 14 
32 1335 1578 14 
33 1335 1578 14 
34 1335 1578 14 
35 1339 1578 12 
36 1339 1578 12 
37 1339 1578 12 
38 1339 1578 12 
39 1339 1578 12 
40 1344 1578 13 
41 1344 1578 13 
42 1345 1578 13 
43 1345 1578 13 
44 1385 1578 15 
45 1385 1578 15 
46 1385 1578 15 
47 1445 1578 15 
48 1445 1578 15 
49 1445 1578 15 
50 1477 1578 17 
51 1477 1578 17 
52 1477 1578 17 
53 1477 1578 17 
54 1477 1578 17 
55 1477 1578 17 
56 1477 1578 17 
57 1477 1578 17 
58 1477 1578 17 
59 1477 1578 17 
60 1477 1578 17 
61 1477 1578 17 
62 1477 1578 17 
63 1477 1578 17 
64 1477 1578 17 
65 1480 1578 16 
66 1483 1578 17 
67 1485 1578 15 
68 1485 1578 15 
69 1485 1578 15 
70 1485 1578 15 
71 1485 1578 15 
72 1485 1578 15 
73 1485 1578 15 
74 1485 1578 15 
75 1485 1578 15 
76 1485 1578 15 
77 1485 1578 15 
78 1485 1578 15 
79 1485 1578 15 
80 1485 1578 15 
81 1485 1578 15 
82 1510 1578 17 
83 1510 1578 17 
84 1510 1578 17 
85 1534 1578 21 
86 1534 1578 21 
87 1534 1578 21 
88 1534 1578 20 
89 1534 1578 21 
90 1534 1578 21 
91 1534 1578 21 
92 1534 1578 21 
93 1541 1578 19 
94 1541 1578 19 
95 1541 1578 19 
96 1541 1578 19 
97 1541 1578 19 
98 1541 1578 19 
99 1541 1578 19 
100 1541 1578 19 
101 1541 1578 19 
102 1541 1578 19 
103 1541 1578 19 
104 1541 1578 19 
105 1541 1578 19 
106 1541 1578 19 
107 1541 1578 19 
108 1541 1578 19 
109 1541 1578 19 
110 1541 1578 19 
111 1541 1578 19 
112 1541 1578 19 
113 1541 1578 19 
114 1541 1578 19 
115 1541 1578 19 
116 1541 1578 19 
117 1541 1578 19 
118 1541 1578 19 
119 1541 1578 19 
120 1541 1578 19 
121 1541 1578 19 
122 1541 1578 19 
123 1541 1578 19 
124 1545 1578 20 
125 1545 1578 20 
126 1545 1578 20 
127 1556 1578 20 
128 1556 1578 20 
0 1239 1578 17 
1 1239 1578 17 
2 1420 1578 16 
3 1420 1578 16 
4 1420 1578 16 
5 1428 1578 18 
6 1516 1578 21 
7 1516 1578 21 
8 1516 1578 21 
9 1545 1578 21 
10 1545 1578 21 
11 1545 1578 21 
12 1545 1578 21 
13 1545 1578 21 
14 1545 1578 21 
15 1556 1578 21 
16 1556 1578 21 
17 1556 1578 21 
18 1556 1578 21 
19 1574 1578 22 
20 1574 1578 22 
21 1578 1578 24 
22 1578 1578 24 
23 1578 1578 24 
24 1578 1578 24 
25 1578 1578 24 
26 1578 1578 24 
27 1578 1578 24 
28 1578 1578 24 
29 1578 1578 24 
30 1578 1578 24 
31 1578 1578 24 
32 1578 1578 24 
33 1578 1578 24 
34 1578 1578 24 
35 1578 1578 22 
36 1578 1578 22 
37 1578 1578 22 
38 1578 1578 22 
39 1578 1578 22 
40 1578 1578 22 
41 1578 1578 22 
42 1578 1578 22 
43 1578 1578 22 
44 1578 1578 22 
45 1578 1578 22 
46 1578 1578 22 
47 1578 1578 22 
48 1578 1578 22 
49 1578 1578 22 
50 1578 1578 22 
51 1578 1578 22 
52 1578 1578 22 
53 1578 1578 22 
54 1578 1578 22 
55 1578 1578 22 
56 1578 1578 22 
57 1578 1578 22 
58 1578 1578 22 
59 1578 1578 22 
60 1578 1578 22 
61 1578 1578 22 
62 1578 1578 22 
63 1578 1578 22 
64 1578 1578 22 
65 1578 1578 22 
66 1578 1578 22 
67 1578 1578 22 
68 1578 1578 22 
69 1578 1578 22 
70 1578 1578 24 
71 1578 1578 24 
72 1578 1578 24 
73 1578 1578 24 
74 1578 1578 24 
75 1578 1578 24 
76 1578 1578 23 
77 1578 1578 23 
