0 558 
1 600 
2 605 
3 630 
4 630 
5 650 
6 684 
7 684 
8 716 
9 740 
10 740 
11 740 
12 740 
13 740 
14 740 
15 740 
16 740 
17 740 
18 753 
19 753 
20 759 
21 760 
22 760 
23 760 
24 789 
25 789 
26 806 
27 806 
28 806 
29 832 
30 832 
31 832 
32 836 
33 836 
34 836 
35 836 
36 836 
37 836 
38 836 
39 836 
40 836 
41 836 
42 836 
43 858 
44 858 
45 858 
46 859 
47 859 
48 873 
49 873 
50 873 
51 873 
52 873 
53 879 
54 879 
55 879 
56 879 
57 879 
58 879 
59 879 
60 879 
61 879 
62 879 
63 879 
64 879 
65 879 
66 879 
67 879 
68 879 
69 879 
70 879 
71 879 
72 879 
73 879 
74 879 
75 879 
76 879 
77 879 
78 879 
79 895 
80 895 
81 895 
82 879 
83 879 
84 879 
85 879 
86 879 
87 908 
88 908 
89 908 
90 908 
91 908 
92 908 
93 908 
94 908 
95 908 
96 908 
97 908 
98 908 
99 909 
100 909 
101 909 
102 909 
103 909 
104 909 
105 909 
106 914 
107 914 
108 914 
109 915 
110 915 
111 919 
112 919 
113 919 
114 917 
115 917 
116 921 
117 921 
118 921 
119 921 
120 921 
121 921 
122 921 
123 921 
124 921 
125 921 
126 921 
127 921 
128 921 
129 921 
130 921 
131 921 
132 921 
133 921 
134 921 
135 921 
136 921 
137 921 
138 921 
139 921 
140 921 
141 921 
142 921 
143 921 
144 921 
145 921 
146 921 
147 921 
148 921 
149 921 
150 921 
151 921 
152 921 
153 921 
154 921 
155 921 
156 921 
157 921 
158 921 
159 921 
160 921 
161 921 
162 921 
163 921 
164 921 
165 921 
166 921 
167 921 
168 921 
169 921 
170 921 
171 921 
172 921 
173 921 
174 921 
175 921 
176 921 
177 921 
178 921 
179 921 
180 921 
181 921 
182 921 
183 921 
184 921 
185 921 
186 921 
187 921 
188 921 
189 921 
190 921 
191 921 
192 921 
193 921 
194 921 
195 921 
196 921 
197 921 
198 921 
199 921 
