0 644 
1 644 
2 644 
3 644 
4 644 
5 659 
6 659 
7 659 
8 674 
9 674 
10 674 
11 674 
12 674 
13 741 
14 741 
15 751 
16 751 
17 751 
18 761 
19 761 
20 761 
21 765 
22 765 
23 765 
24 765 
25 765 
26 789 
27 789 
28 789 
29 789 
30 789 
31 789 
32 789 
33 789 
34 789 
35 789 
36 789 
37 789 
38 789 
39 789 
40 789 
41 789 
42 789 
43 789 
44 789 
45 789 
46 789 
47 789 
48 789 
49 789 
50 801 
51 801 
52 801 
53 801 
54 889 
55 889 
56 889 
57 889 
58 894 
59 894 
60 894 
61 894 
62 897 
63 897 
64 897 
65 897 
66 897 
67 897 
68 897 
69 897 
70 901 
71 897 
72 897 
73 897 
74 897 
75 897 
76 897 
77 901 
78 901 
79 901 
80 901 
81 901 
82 901 
83 901 
84 901 
85 901 
86 901 
87 901 
88 901 
89 901 
90 901 
91 901 
92 901 
93 901 
94 901 
95 901 
96 901 
97 901 
98 901 
99 912 
100 912 
101 912 
102 912 
103 912 
104 912 
105 912 
106 912 
107 912 
108 912 
109 912 
110 912 
111 912 
112 912 
113 912 
114 912 
115 912 
116 912 
117 912 
118 912 
119 912 
120 912 
121 912 
122 912 
123 913 
124 913 
125 913 
126 913 
127 913 
128 913 
129 913 
130 913 
131 913 
132 913 
133 913 
134 926 
135 926 
136 926 
137 926 
138 926 
139 926 
140 926 
141 926 
142 926 
143 926 
144 926 
145 926 
146 926 
147 926 
148 926 
149 926 
150 926 
151 926 
152 926 
153 926 
154 926 
155 926 
156 926 
157 926 
158 926 
159 926 
160 926 
161 926 
162 926 
163 926 
164 926 
165 926 
166 926 
167 926 
168 926 
169 926 
170 926 
171 926 
172 926 
173 926 
174 926 
175 926 
176 926 
177 926 
178 926 
179 926 
180 926 
181 926 
182 926 
183 926 
184 926 
185 926 
186 926 
187 926 
188 926 
189 926 
190 926 
191 926 
192 926 
193 926 
194 926 
195 926 
196 930 
197 930 
198 930 
199 930 
