0 643 
1 643 
2 643 
3 652 
4 661 
5 661 
6 661 
7 661 
8 670 
9 672 
10 672 
11 672 
12 691 
13 691 
14 693 
15 693 
16 693 
17 693 
18 714 
19 743 
20 743 
21 743 
22 743 
23 743 
24 743 
25 763 
26 772 
27 772 
28 772 
29 772 
30 792 
31 792 
32 792 
33 792 
34 792 
35 792 
36 792 
37 792 
38 792 
39 792 
40 792 
41 792 
42 792 
43 792 
44 792 
45 792 
46 792 
47 811 
48 792 
49 811 
50 869 
51 869 
52 869 
53 869 
54 869 
55 869 
56 869 
57 869 
58 869 
59 869 
60 869 
61 869 
62 869 
63 869 
64 869 
65 869 
66 869 
67 869 
68 869 
69 869 
70 869 
71 869 
72 869 
73 869 
74 869 
75 869 
76 880 
77 880 
78 914 
79 914 
80 914 
81 914 
82 914 
83 914 
84 914 
85 914 
86 914 
87 914 
88 914 
89 914 
90 914 
91 914 
92 914 
93 914 
94 914 
95 914 
96 914 
97 914 
98 914 
99 914 
100 914 
101 914 
102 914 
103 914 
104 914 
105 914 
106 914 
107 914 
108 914 
109 914 
110 914 
111 914 
112 914 
113 914 
114 914 
115 914 
116 914 
117 914 
118 914 
119 914 
120 914 
121 918 
122 930 
123 930 
124 930 
125 930 
126 930 
127 930 
128 930 
129 930 
130 930 
131 930 
132 930 
133 930 
134 930 
135 930 
136 930 
137 930 
138 930 
139 930 
140 930 
141 930 
142 930 
143 930 
144 930 
145 930 
146 930 
147 930 
148 930 
149 930 
150 930 
151 930 
152 930 
153 930 
154 930 
155 930 
156 930 
157 930 
158 930 
159 930 
160 930 
161 930 
162 930 
163 930 
164 930 
165 930 
166 930 
167 930 
168 930 
169 930 
170 930 
171 930 
172 930 
173 930 
174 930 
175 930 
176 930 
177 930 
178 930 
179 930 
180 930 
181 930 
182 930 
183 930 
184 930 
185 930 
186 930 
187 930 
188 930 
189 930 
190 930 
191 930 
192 930 
193 930 
194 930 
195 930 
196 930 
197 930 
198 930 
199 930 
