0 602 
1 615 
2 615 
3 615 
4 615 
5 651 
6 651 
7 651 
8 657 
9 657 
10 657 
11 673 
12 673 
13 692 
14 692 
15 692 
16 692 
17 692 
18 724 
19 724 
20 724 
21 724 
22 724 
23 724 
24 724 
25 729 
26 752 
27 752 
28 752 
29 752 
30 752 
31 752 
32 752 
33 752 
34 752 
35 752 
36 752 
37 752 
38 752 
39 752 
40 752 
41 752 
42 754 
43 754 
44 754 
45 754 
46 754 
47 754 
48 754 
49 754 
50 754 
51 754 
52 754 
53 754 
54 761 
55 761 
56 761 
57 764 
58 764 
59 764 
60 764 
61 767 
62 767 
63 767 
64 767 
65 835 
66 835 
67 835 
68 835 
69 835 
70 835 
71 835 
72 835 
73 846 
74 846 
75 850 
76 852 
77 852 
78 858 
79 858 
80 858 
81 862 
82 862 
83 862 
84 862 
85 862 
86 862 
87 862 
88 862 
89 862 
90 862 
91 862 
92 862 
93 862 
94 865 
95 863 
96 863 
97 862 
98 862 
99 862 
100 865 
101 865 
102 865 
103 865 
104 865 
105 865 
106 865 
107 865 
108 865 
109 865 
110 865 
111 865 
112 865 
113 865 
114 865 
115 865 
116 865 
117 865 
118 867 
119 867 
120 867 
121 867 
122 867 
123 867 
124 867 
125 867 
126 867 
127 867 
128 867 
129 867 
130 867 
131 867 
132 867 
133 867 
134 867 
135 867 
136 867 
137 867 
138 867 
139 867 
140 867 
141 867 
142 867 
143 867 
144 867 
145 867 
146 867 
147 867 
148 867 
149 867 
150 867 
151 867 
152 867 
153 867 
154 867 
155 867 
156 867 
157 867 
158 867 
159 867 
160 867 
161 867 
162 867 
163 875 
164 875 
165 875 
166 875 
167 875 
168 875 
169 875 
170 875 
171 875 
172 880 
173 882 
174 882 
175 882 
176 882 
177 882 
178 882 
179 882 
180 882 
181 882 
182 882 
183 882 
184 882 
185 882 
186 916 
187 916 
188 916 
189 916 
190 916 
191 916 
192 916 
193 916 
194 916 
195 916 
196 916 
197 916 
198 916 
199 916 
