0 730 1098 9 
1 730 1098 9 
2 736 1098 10 
3 736 1098 10 
4 744 1098 11 
5 744 1098 11 
6 766 1098 11 
7 784 1098 10 
8 826 1098 13 
9 841 1098 11 
10 946 1098 12 
11 983 1098 14 
12 983 1098 14 
13 987 1098 16 
14 987 1098 16 
15 987 1098 16 
16 998 1098 16 
17 998 1098 16 
18 998 1098 16 
19 1012 1098 17 
20 1012 1098 17 
21 1012 1098 17 
22 1012 1098 17 
23 1017 1098 18 
24 1026 1098 18 
25 1026 1098 18 
26 1026 1098 18 
27 1026 1098 18 
28 1031 1098 19 
29 1031 1098 19 
30 1037 1098 18 
31 1037 1098 18 
32 1045 1098 18 
33 1048 1098 19 
34 1048 1098 19 
35 1052 1098 18 
36 1052 1098 18 
37 1052 1098 18 
38 1052 1098 18 
39 1052 1098 18 
40 1052 1098 18 
41 1060 1098 18 
42 1070 1098 18 
43 1070 1098 18 
44 1070 1098 18 
45 1070 1098 18 
46 1070 1098 18 
47 1070 1098 18 
48 1070 1098 18 
49 1070 1098 18 
50 1070 1098 18 
51 1070 1098 18 
52 1070 1098 18 
53 1078 1098 19 
54 1078 1098 19 
55 1078 1098 19 
56 1078 1098 19 
57 1078 1098 19 
58 1078 1098 19 
59 1078 1098 19 
60 1078 1098 19 
61 1078 1098 19 
62 1083 1098 20 
63 1083 1098 20 
64 1083 1098 20 
65 1083 1098 20 
66 1083 1098 20 
67 1083 1098 20 
68 1083 1098 20 
69 1083 1098 20 
70 1083 1098 20 
71 1083 1098 20 
72 1083 1098 20 
73 1083 1098 20 
74 1083 1098 20 
75 1083 1098 20 
76 1083 1098 20 
77 1083 1098 20 
78 1083 1098 20 
79 1083 1098 20 
80 1083 1098 20 
81 1083 1098 20 
82 1083 1098 20 
83 1083 1098 20 
84 1083 1098 20 
85 1086 1098 20 
86 1086 1098 20 
87 1086 1098 20 
88 1086 1098 20 
89 1086 1098 20 
90 1087 1098 19 
91 1087 1098 19 
92 1087 1098 19 
93 1087 1098 19 
94 1087 1098 19 
95 1087 1098 19 
96 1087 1098 19 
97 1094 1098 22 
98 1094 1098 22 
99 1094 1098 22 
100 1094 1098 22 
101 1094 1098 22 
102 1094 1098 22 
103 1094 1098 22 
104 1094 1098 22 
105 1094 1098 22 
106 1094 1098 22 
107 1098 1098 24 
108 1098 1098 24 
109 1098 1098 24 
110 1098 1098 24 
111 1098 1098 24 
112 1098 1098 24 
113 1098 1098 24 
114 1098 1098 24 
115 1098 1098 24 
116 1098 1098 24 
117 1098 1098 24 
118 1098 1098 24 
119 1098 1098 24 
120 1098 1098 24 
121 1098 1098 24 
122 1098 1098 24 
123 1098 1098 24 
124 1098 1098 24 
125 1098 1098 23 
126 1098 1098 23 
127 1098 1098 23 
128 1098 1098 23 
129 1098 1098 23 
130 1098 1098 23 
131 1098 1098 23 
132 1098 1098 24 
133 1098 1098 24 
134 1098 1098 24 
135 1098 1098 24 
136 1098 1098 24 
137 1098 1098 24 
138 1098 1098 24 
139 1098 1098 24 
140 1098 1098 24 
141 1098 1098 24 
142 1098 1098 24 
143 1098 1098 24 
144 1098 1098 24 
145 1098 1098 24 
146 1098 1098 24 
147 1098 1098 24 
148 1098 1098 24 
149 1098 1098 24 
150 1098 1098 24 
151 1098 1098 24 
152 1098 1098 24 
153 1098 1098 24 
154 1098 1098 24 
155 1098 1098 24 
156 1098 1098 24 
157 1098 1098 24 
158 1098 1098 24 
159 1098 1098 24 
160 1098 1098 24 
161 1098 1098 24 
162 1098 1098 24 
163 1098 1098 24 
164 1098 1098 24 
165 1098 1098 24 
166 1098 1098 24 
167 1098 1098 24 
168 1098 1098 24 
169 1098 1098 24 
170 1098 1098 24 
171 1098 1098 24 
172 1098 1098 24 
173 1098 1098 24 
174 1098 1098 24 
175 1098 1098 24 
176 1098 1098 24 
177 1098 1098 24 
178 1098 1098 24 
179 1098 1098 24 
180 1098 1098 24 
181 1098 1098 24 
182 1098 1098 24 
183 1098 1098 24 
184 1098 1098 24 
185 1098 1098 24 
186 1098 1098 24 
187 1098 1098 24 
188 1098 1098 24 
189 1098 1098 24 
190 1098 1098 24 
191 1098 1098 24 
192 1098 1098 24 
193 1098 1098 24 
194 1098 1098 24 
195 1098 1098 24 
196 1098 1098 24 
197 1098 1098 24 
198 1098 1098 24 
199 1098 1098 24
