1.2 14 8 2
2.6 17 11 1
3.3 16 14 4
4.5 19 18 2
5.7 24 19 3
6.1 25 21 3
7.1 32 25 3
8.0 32 28 3
9.7 38 34 5
10.0 40 35 7
11.5 37 39 3
12.1 45 40 6
13.8 45 47 3
14.0 48 48 6
15.6 53 58 5
16.1 60 58 8
17.7 66 62 8
18.0 54 63 3
19.1 73 70 8
20.2 75 72 8
21.7 78 78 10
22.1 81 81 8
23.3 88 88 10
24.0 92 92 10
25.7 95 95 10
26.2 95 97 9
27.3 104 104 10
28.4 108 108 10
29.4 104 110 8
30.3 112 112 10
31.3 116 116 10
32.6 123 123 10
33.1 125 125 10
34.1 129 129 10
35.1 132 132 10
36.5 134 134 10
37.2 136 136 10
38.1 140 140 10
39.2 142 142 10
40.0 148 148 10
41.3 152 152 10
42.2 154 154 10
43.2 156 156 10
44.1 159 159 10
45.0 164 164 10
46.6 167 167 10
47.6 173 173 10
48.3 174 174 10
49.4 178 178 10
