1.2 20 9 0
2.2 22 14 2
3.0 25 18 2
4.066666666666666 25 21 2
5.0 28 26 2
6.466666666666667 33 34 0
7.666666666666667 34 39 0
8.066666666666666 39 40 2
9.2 39 47 4
10.4 44 58 4
11.0 47 60 3
12.0 66 63 12
13.266666666666667 54 71 6
14.466666666666667 79 78 13
15.533333333333333 75 88 7
16.0 76 92 10
17.133333333333333 84 95 10
18.2 97 104 12
19.6 96 110 12
20.2 112 112 15
21.733333333333334 108 123 12
22.066666666666666 112 125 12
23.066666666666666 131 131 15
24.333333333333332 101 134 8
25.2 125 139 12
26.133333333333333 121 142 11
27.066666666666666 114 150 9
28.133333333333333 154 154 15
29.0 97 156 5
30.0 133 164 10
31.066666666666666 157 167 14
32.2 174 174 15
33.4 169 181 14
34.0 186 186 15
35.06666666666667 168 191 13
36.06666666666667 197 197 15
37.333333333333336 197 197 15
38.2 186 201 14
39.06666666666667 207 207 15
40.0 160 209 8
41.266666666666666 210 210 15
42.2 194 214 14
43.13333333333333 197 219 13
44.2 225 225 15
45.13333333333333 200 229 14
46.13333333333333 238 238 15
47.53333333333333 187 243 10
48.2 226 247 14
49.2 187 252 9
50.13333333333333 254 254 15
51.53333333333333 227 266 11
52.4 269 269 15
53.2 275 275 15
54.06666666666667 280 280 15
55.2 284 284 15
56.266666666666666 290 290 15
